{
  "advancedEditorSelectedIdentifier" : "ProjectBrowser",
  "openSceneRelativePaths" : [
    "Immersive.usda",
    "Scene.usda"
  ],
  "recentIdentifiers" : {
    "AF09ED6F-1707-48FD-8720-65B998362C09" : [

    ],
    "D66134B1-3681-4A8E-AFE5-29F257229F3B" : [

    ]
  },
  "sceneCameraHistory" : {
    "AF09ED6F-1707-48FD-8720-65B998362C09" : [
      {
        "date" : 768239780.584895,
        "title" : "Untitled",
        "transform" : [
          0.9917796,
          -2.008401e-08,
          -0.12795763,
          0,
          -0.017383693,
          0.9907288,
          -0.13473807,
          0,
          0.12677135,
          0.13585488,
          0.98258454,
          0,
          -1.3733706,
          0.5939126,
          2.2744417,
          1
        ]
      },
      {
        "date" : 768239775.085673,
        "title" : "Untitled",
        "transform" : [
          0.9917796,
          -2.008401e-08,
          -0.12795763,
          0,
          -0.017383693,
          0.9907288,
          -0.13473807,
          0,
          0.12677135,
          0.13585488,
          0.98258454,
          0,
          0.97890043,
          2.271027,
          1.7390738,
          1
        ]
      },
      {
        "date" : 768239767.049605,
        "title" : "Untitled",
        "transform" : [
          0.9917796,
          -2.008401e-08,
          -0.12795763,
          0,
          -0.017383693,
          0.9907288,
          -0.13473807,
          0,
          0.12677135,
          0.13585488,
          0.98258454,
          0,
          0.15563977,
          1.2200142,
          0.24005681,
          1
        ]
      },
      {
        "date" : 768239761.202832,
        "title" : "Untitled",
        "transform" : [
          0.9917796,
          -2.008401e-08,
          -0.12795763,
          0,
          -0.017383693,
          0.9907288,
          -0.13473807,
          0,
          0.12677135,
          0.13585488,
          0.98258454,
          0,
          -0.058778286,
          1.8087102,
          1.07969,
          1
        ]
      },
      {
        "date" : 768239737.50257,
        "title" : "Untitled",
        "transform" : [
          0.9917796,
          -2.008401e-08,
          -0.12795763,
          0,
          -0.01738369,
          0.9907287,
          -0.13473806,
          0,
          0.12677135,
          0.13585488,
          0.98258454,
          0,
          -0.31925485,
          1.1040708,
          1.210722,
          1
        ]
      },
      {
        "date" : 768239733.774332,
        "title" : "Untitled",
        "transform" : [
          0.78141,
          -1.3097903e-08,
          -0.62401795,
          0,
          -0.5205347,
          0.5515131,
          -0.6518258,
          0,
          0.3441541,
          0.83416617,
          0.43095776,
          0,
          0.053746082,
          2.7180636,
          -0.3694466,
          1
        ]
      },
      {
        "date" : 768239723.622322,
        "title" : "Untitled",
        "transform" : [
          0.99269325,
          1.1516388e-10,
          -0.12066488,
          0,
          -0.017854085,
          0.98899275,
          -0.14688306,
          0,
          0.11933668,
          0.1479642,
          0.9817664,
          0,
          0.17946172,
          1.7294631,
          0.96453583,
          1
        ]
      },
      {
        "date" : 768239715.837738,
        "title" : "Untitled",
        "transform" : [
          0.9928908,
          1.1516388e-10,
          -0.11902881,
          0,
          -0.017612005,
          0.98899275,
          -0.14691228,
          0,
          0.11771862,
          0.1479642,
          0.9819617,
          0,
          0.025852442,
          1.1155889,
          0.46191132,
          1
        ]
      },
      {
        "date" : 768239699.350753,
        "title" : "Untitled",
        "transform" : [
          0.9928908,
          1.1516388e-10,
          -0.11902881,
          0,
          -0.017612005,
          0.98899275,
          -0.14691228,
          0,
          0.11771862,
          0.1479642,
          0.9819617,
          0,
          0.124531746,
          1.0807937,
          0.005651355,
          1
        ]
      },
      {
        "date" : 768239681.367107,
        "title" : "Untitled",
        "transform" : [
          0.9928908,
          1.1516388e-10,
          -0.11902881,
          0,
          -0.017612005,
          0.98899275,
          -0.14691228,
          0,
          0.11771862,
          0.1479642,
          0.9819617,
          0,
          1.4226199,
          1.1192967,
          -0.15576634,
          1
        ]
      }
    ],
    "D66134B1-3681-4A8E-AFE5-29F257229F3B" : [
      {
        "date" : 768213970.31845,
        "title" : "Untitled",
        "transform" : [
          0.9822605,
          5.9097566e-08,
          -0.1875214,
          0,
          -0.12792464,
          0.7311777,
          -0.67008525,
          0,
          0.13711149,
          0.68218696,
          0.71820694,
          0,
          0.131491,
          0.76366013,
          0.7918117,
          1
        ]
      },
      {
        "date" : 768213658.908063,
        "title" : "Untitled",
        "transform" : [
          0.91508,
          5.898943e-08,
          -0.4032724,
          0,
          -0.28137973,
          0.7163499,
          -0.63848895,
          0,
          0.28888416,
          0.69774115,
          0.65551746,
          0,
          0.31372762,
          0.77875787,
          0.8431011,
          1
        ]
      },
      {
        "date" : 768213593.555378,
        "title" : "Untitled",
        "transform" : [
          0.91508,
          5.898943e-08,
          -0.4032724,
          0,
          -0.28137973,
          0.7163499,
          -0.63848895,
          0,
          0.28888416,
          0.69774115,
          0.65551746,
          0,
          0.52629316,
          0.4871619,
          1.0598031,
          1
        ]
      },
      {
        "date" : 768213575.870623,
        "title" : "Untitled",
        "transform" : [
          0.41679594,
          5.928438e-08,
          -0.9090001,
          0,
          -0.6895609,
          0.6515649,
          -0.31617838,
          0,
          0.5922726,
          0.7585928,
          0.27156964,
          0,
          1.0532441,
          0.5901638,
          0.4235194,
          1
        ]
      },
      {
        "date" : 768213431.413793,
        "title" : "Untitled",
        "transform" : [
          0.41679594,
          5.928438e-08,
          -0.9090001,
          0,
          -0.6895609,
          0.6515649,
          -0.31617838,
          0,
          0.5922726,
          0.7585928,
          0.27156964,
          0,
          0.9394277,
          0.68850935,
          0.39703003,
          1
        ]
      },
      {
        "date" : 768213420.614191,
        "title" : "Untitled",
        "transform" : [
          0.9988732,
          5.3480257e-08,
          -0.047458827,
          0,
          -0.013000352,
          0.96175015,
          -0.2736198,
          0,
          0.045643535,
          0.27392846,
          0.9606665,
          0,
          0.07983904,
          0.070669696,
          1.0345753,
          1
        ]
      },
      {
        "date" : 768213403.982386,
        "title" : "Untitled",
        "transform" : [
          0.98870283,
          5.3351283e-08,
          -0.14988889,
          0,
          -0.057887502,
          0.92241406,
          -0.38183957,
          0,
          0.13825962,
          0.38620254,
          0.91199344,
          0,
          0.1869696,
          0.19475728,
          1.0288156,
          1
        ]
      },
      {
        "date" : 768213372.050266,
        "title" : "Untitled",
        "transform" : [
          0.42668962,
          5.079368e-08,
          0.9043981,
          0,
          0.5668468,
          0.7792068,
          -0.26743495,
          0,
          -0.7047132,
          0.6267669,
          0.33247948,
          0,
          -0.61633444,
          0.51914847,
          0.2554578,
          1
        ]
      },
      {
        "date" : 768213370.000437,
        "title" : "Untitled",
        "transform" : [
          0.42668962,
          5.079368e-08,
          0.9043981,
          0,
          0.5668468,
          0.7792068,
          -0.26743495,
          0,
          -0.7047132,
          0.6267669,
          0.33247948,
          0,
          -0.047096968,
          0.014612913,
          0.029437065,
          1
        ]
      },
      {
        "date" : 768213366.150737,
        "title" : "Untitled",
        "transform" : [
          0.42668974,
          1.31049696e-08,
          0.9043981,
          0,
          0.5668467,
          0.77920693,
          -0.26743495,
          0,
          -0.7047133,
          0.6267668,
          0.33247954,
          0,
          -2.621218,
          1.3353558,
          1.1104977,
          1
        ]
      }
    ]
  },
  "sceneViewportBackgroundColors" : {

  },
  "selectedSceneRelativePath" : "Immersive.usda"
}